6
1
2
9 0 6 11 0 -1
11 0 2 11 0 3
haar_x3
1.310735e-003 0 -1
-1.000000e+000 6.290298e-001 
1
3
21 0 2 8 0 -1
22 0 1 4 0 2
21 4 1 4 0 2
haar_x2_y2
2.018242e-003 0 -1
-7.602358e-001 6.892715e-001 
1
2
9 11 1 4 0 -1
8 12 1 2 0 2
tilted_haar_y4
2.844361e-005 0 -1
-1.000000e+000 6.039622e-001 
1
3
13 12 2 6 0 -1
14 12 1 3 0 2
13 15 1 3 0 2
haar_x2_y2
-3.069854e-005 0 -1
3.991543e-001 -9.297972e-001 
1
3
8 5 2 10 0 -1
8 5 1 5 0 2
9 10 1 5 0 2
haar_x2_y2
-3.767290e-005 0 -1
8.221257e-001 -9.907048e-001 
1
3
13 18 10 4 0 -1
18 18 5 2 0 2
13 20 5 2 0 2
haar_x2_y2
-4.261770e-003 0 -1
4.749817e-001 -7.047477e-001 
-4.941179e-001

6
-1
