5
1
2
8 3 6 4 0 -1
10 3 2 4 0 3
haar_x3
7.458226e-003 0 -1
3.539741e-001 -8.459149e-001 
1
3
20 5 4 18 0 -1
22 5 2 9 0 2
20 14 2 9 0 2
haar_x2_y2
-3.144769e-002 0 -1
7.076830e-001 -2.212988e-001 
1
3
3 13 18 4 0 -1
3 13 9 2 0 2
12 15 9 2 0 2
haar_x2_y2
6.950811e-003 0 -1
3.085095e-001 -9.555289e-001 
1
2
19 0 2 5 0 -1
19 0 1 5 0 2
tilted_haar_y2
5.829662e-003 0 -1
3.254747e-002 -5.722945e-001 
1
3
4 4 16 12 0 -1
4 4 8 6 0 2
12 10 8 6 0 2
haar_x2_y2
2.990947e-002 0 -1
4.773104e-001 -7.453941e-001 
-2.716619e-001

8
-1
